1558704031.15216173 1558704031.15216173
1558704046.212394605 1558704046.212394605
1558704065.868125483 1558704065.868125483
1558704080.878071467 1558704080.878071467
1558704091.926222088 1558704091.926222088
1558704116.896906870 1558704116.896906870
1558704124.570165356 1558704124.570165356
1558704131.407036031 1558704131.407036031
1558704141.413964985 1558704141.413964985
1558704152.132053367 1558704152.132053367
1558704159.781911958 1558704159.781911958
1558704168.936751225 1558704168.936751225
1558704178.770542002 1558704178.770542002
1558704199.288845224 1558704199.288845224
1558704212.668553656 1558704212.668553656
1558704221.316352976 1558704221.316352976
1558704237.641855886 1558704237.641855886
1558704247.815833903 1558704247.815833903
1558704255.520337702 1558704255.520337702
1558704264.493725928 1558704264.493725928
1558704275.534967486 1558704275.534967486
1558704301.189614924 1558704301.189614924
